=====Matrix A=====
    4.00 ;     7.00 ;     8.00 ;     6.00 ;     4.00 ; 
    6.00 ;     7.00 ;     3.00 ;    10.00 ;     2.00 ; 
    3.00 ;     8.00 ;     1.00 ;    10.00 ;     4.00 ; 
    7.00 ;     1.00 ;     7.00 ;     3.00 ;     7.00 ; 
    2.00 ;     9.00 ;     8.00 ;    10.00 ;     3.00 ; 

=====Matrix B=====
    1.00 ;     3.00 ;     4.00 ;     8.00 ;     6.00 ; 
   10.00 ;     3.00 ;     3.00 ;     9.00 ;    10.00 ; 
    8.00 ;     4.00 ;     7.00 ;     2.00 ;     3.00 ; 
   10.00 ;     4.00 ;     2.00 ;    10.00 ;     5.00 ; 
    8.00 ;     9.00 ;     5.00 ;     6.00 ;     1.00 ; 

=====CPU=====
  230.00 ;   125.00 ;   125.00 ;   195.00 ;   152.00 ; 
  216.00 ;   109.00 ;    96.00 ;   229.00 ;   167.00 ; 
  223.00 ;   113.00 ;    83.00 ;   222.00 ;   155.00 ; 
  159.00 ;   127.00 ;   121.00 ;   151.00 ;    95.00 ; 
  280.00 ;   132.00 ;   126.00 ;   231.00 ;   179.00 ; 

elapsed wall time (CPU) = 1.192093 microseconds

=====DDOT()=====
  230.00 ;   125.00 ;   125.00 ;   195.00 ;   152.00 ; 
  216.00 ;   109.00 ;    96.00 ;   229.00 ;   167.00 ; 
  223.00 ;   113.00 ;    83.00 ;   222.00 ;   155.00 ; 
  159.00 ;   127.00 ;   121.00 ;   151.00 ;    95.00 ; 
  280.00 ;   132.00 ;   126.00 ;   231.00 ;   179.00 ; 

elapsed wall time (DDOT) = 4.053116 microseconds

=====DAXPY()=====
  230.00 ;   125.00 ;   125.00 ;   195.00 ;   152.00 ; 
  216.00 ;   109.00 ;    96.00 ;   229.00 ;   167.00 ; 
  223.00 ;   113.00 ;    83.00 ;   222.00 ;   155.00 ; 
  159.00 ;   127.00 ;   121.00 ;   151.00 ;    95.00 ; 
  280.00 ;   132.00 ;   126.00 ;   231.00 ;   179.00 ; 

elapsed wall time (DAXPY) = 2.861023 microseconds

=====DGEMM()=====
  230.00 ;   125.00 ;   125.00 ;   195.00 ;   152.00 ; 
  216.00 ;   109.00 ;    96.00 ;   229.00 ;   167.00 ; 
  223.00 ;   113.00 ;    83.00 ;   222.00 ;   155.00 ; 
  159.00 ;   127.00 ;   121.00 ;   151.00 ;    95.00 ; 
  280.00 ;   132.00 ;   126.00 ;   231.00 ;   179.00 ; 

elapsed wall time (DGEMM) = 5.960464 microseconds

