=====Matrix A=====
     4.0 ;      7.0 ;      8.0 ;      6.0 ;      4.0 ; 
     6.0 ;      7.0 ;      3.0 ;     10.0 ;      2.0 ; 
     3.0 ;      8.0 ;      1.0 ;     10.0 ;      4.0 ; 
     7.0 ;      1.0 ;      7.0 ;      3.0 ;      7.0 ; 
     2.0 ;      9.0 ;      8.0 ;     10.0 ;      3.0 ; 

=====Matrix B=====
     1.0 ;      3.0 ;      4.0 ;      8.0 ;      6.0 ; 
    10.0 ;      3.0 ;      3.0 ;      9.0 ;     10.0 ; 
     8.0 ;      4.0 ;      7.0 ;      2.0 ;      3.0 ; 
    10.0 ;      4.0 ;      2.0 ;     10.0 ;      5.0 ; 
     8.0 ;      9.0 ;      5.0 ;      6.0 ;      1.0 ; 

=====MultKernel=====
   230.0 ;    125.0 ;    125.0 ;    195.0 ;    152.0 ; 
   216.0 ;    109.0 ;     96.0 ;    229.0 ;    167.0 ; 
   223.0 ;    113.0 ;     83.0 ;    222.0 ;    155.0 ; 
   159.0 ;    127.0 ;    121.0 ;    151.0 ;     95.0 ; 
   280.0 ;    132.0 ;    126.0 ;    231.0 ;    179.0 ; 

elapsed wall time (GPU) =  0.24 ms
=====cublasDDOT=====
   230.0 ;    125.0 ;    125.0 ;    195.0 ;    152.0 ; 
   216.0 ;    109.0 ;     96.0 ;    229.0 ;    167.0 ; 
   223.0 ;    113.0 ;     83.0 ;    222.0 ;    155.0 ; 
   159.0 ;    127.0 ;    121.0 ;    151.0 ;     95.0 ; 
   280.0 ;    132.0 ;    126.0 ;    231.0 ;    179.0 ; 

elapsed wall time (cublasDDOT) =  7.84 ms
=====cublasDAXPY=====
   230.0 ;    125.0 ;    125.0 ;    195.0 ;    152.0 ; 
   216.0 ;    109.0 ;     96.0 ;    229.0 ;    167.0 ; 
   223.0 ;    113.0 ;     83.0 ;    222.0 ;    155.0 ; 
   159.0 ;    127.0 ;    121.0 ;    151.0 ;     95.0 ; 
   280.0 ;    132.0 ;    126.0 ;    231.0 ;    179.0 ; 

elapsed wall time (cublasDAXPY) =  0.66 ms
=====cublasDGEMM=====
   230.0 ;    216.0 ;    223.0 ;    159.0 ;    280.0 ; 
   125.0 ;    109.0 ;    113.0 ;    127.0 ;    132.0 ; 
   125.0 ;     96.0 ;     83.0 ;    121.0 ;    126.0 ; 
   195.0 ;    229.0 ;    222.0 ;    151.0 ;    231.0 ; 
   152.0 ;    167.0 ;    155.0 ;     95.0 ;    179.0 ; 

elapsed wall time (cublasDGEMM) =  0.07 ms

